     id      st_teff pl_orbper pl_rade  sy_dist  TSM  transit_snr_nominal
                K        d     earthRad    pc                            
------------ ------- --------- -------- ------- ----- -------------------
GJ 143 b     4640    35.6      2.61     16.3    52.4  38.3               
HD 21749 c   4640    7.8       0.89     16.3    3.2   7.7                
HD 60779 b   6081    30.0      3.25     35.4    129.2 33.7               
HD 95338 b   5097    55.1      4.27     37.0    46.7  30.1               
TOI-2443 b   4375    15.7      2.36     23.9    159.5 18.5               
TOI-2134 c   4580    95.5      7.27     22.6    283.4 16.5               
TOI-2134 b   4580    9.2       2.69     22.6    157.1 5.0                
TOI-2194 b   4756    15.3      1.99     19.6    16.8  14.1               
TOI-1468 b   3376    1.9       1.40     24.7    11.5  2.8                
TOI-1468 c   3376    15.5      2.13     24.7    98.0  14.1               
TOI-5789 c   5185    12.9      2.86     20.5    423.6 13.3               
GJ 3090 b    3707    2.9       2.18     22.5    182.3 2.6                
GJ 3090 c    3707    15.9      3.14     22.5    140.9 11.7               
6965.01      6007    6.0       1.35     31.2    11.7  3.6                
6965.02      6007    28.1      1.62     31.2    7.5   11.5               
HAT-P-20 b   4595    2.9       9.72     71.0    12.9  10.9               
1835.01      5297    5.6       1.82     32.2    13.7  1.6                
HD 110067 e  5266    30.8      1.94     32.2    10.5  5.0                
HD 110067 f  5266    41.1      2.60     32.2    141.0 6.8                
HD 110067 g  5266    54.8      2.61     32.2    76.7  10.5               
HD 110067 b  5266    9.1       2.20     32.2    123.6 2.4                
HD 110067 c  5266    13.7      2.39     32.2    124.8 3.3                
HD 110067 d  5266    20.5      2.85     32.2    137.5 4.9                
HD 207496 b  4819    6.4       2.25     23.6    143.5 8.7                
TOI-1231 b   3553    24.2      3.65     27.6    98.7  8.6                
406.02       3349    6.6       1.27     31.1    5.6   2.9                
TOI-406.01   3392    13.2      2.08     31.1    43.5  8.5                
TOI-406 c    3392    3.3       1.32     31.1    8.4   2.1                
TOI-5734 b   4750    6.2       2.10     32.5    64.9  8.5                
6973.01      5626    31.7      3.17     76.3    54.1  7.5                
TOI-1710 b   5684    24.3      5.20     81.2    103.2 7.4                
HD 73344 b   6253    15.6      2.88     35.3    122.0 7.3                
WASP-59 b    4650    7.9       8.69     115.9   40.0  7.0                
HD 207897 b  5106    16.2      2.34     28.3    44.8  7.0                
HIP 9618 c   5649    52.6      3.43     67.5    98.1  6.7                
HIP 9618 b   5649    20.8      3.83     67.5    156.9 3.6                
TOI-1224 b   3326    4.2       2.10     37.3    75.9  1.5                
TOI-1224 c   3326    17.9      2.88     37.3    65.2  6.5                
TOI-1774.01  5746    16.7      2.78     54.0    81.0  6.3                
TOI-712 c    4622    51.7      2.70     58.6    41.6  6.3                
TOI-712 b    4622    9.5       2.05     58.6    51.1  1.7                
TOI-712 d    4622    84.8      2.47     58.6    31.5  6.3                
HR 858 d     6354    11.2      2.00     32.0    76.7  6.2                
HR 858 c     6354    6.0       1.98     32.0    21.8  3.3                
HR 858 b     6354    3.6       2.00     32.0    225.3 2.3                
LTT 3780 c   3358    12.3      2.39     22.0    84.0  5.9                
LTT 3780 b   3358    0.8       1.32     22.0    17.7  0.6                
TOI-444 b    5225    18.0      2.77     57.4    73.7  5.6                
TOI-1898 b   6241    45.5      9.40     79.7    79.1  5.3                
HD 18599 b   5145    4.1       2.60     38.6    44.1  5.1                
LHS 1903 e   3664    29.3      1.73     35.7    2.6   5.1                
LHS 1903 b   3664    2.2       1.38     35.7    6.5   0.7                
LHS 1903 d   3664    12.6      2.50     35.7    77.4  2.8                
LHS 1903 c   3664    6.2       2.05     35.7    70.3  1.6                
TOI-1203 b   5737    4.2       1.52     65.0    5.2   1.1                
TOI-1203.01  5737    25.5      2.92     65.0    75.8  5.0                
HD 135694 b  5712    15.9      2.86     73.9    84.0  5.0                
HD 21520 b   5871    25.1      2.70     79.2    20.1  4.9                
HD 5278 b    6203    14.3      2.45     57.6    64.0  4.7                
TOI-411 b    6169    4.0       1.36     62.8    1.2   0.7                
TOI-411 c    6169    9.6       2.33     62.8    43.3  1.1                
HD 22946 d   6169    47.4      2.61     62.8    13.0  4.6                
TOI-815 c    4869    35.0      2.62     59.7    15.0  4.6                
TOI-815 b    4869    11.2      2.94     59.7    97.4  1.5                
TOI-2094 b   3435    18.8      1.90     50.0    3.3   4.6                
TOI-4336 A b 3307    16.3      2.14     22.5    138.3 4.5                
TOI-4336 A c 3307    7.6       1.25     22.5    11.6  2.0                
K2-72 b      3360    5.6       1.08     66.4    3.8   1.3                
K2-72 e      3360    24.2      1.29     66.4    2.3   4.5                
K2-72 d      3360    7.8       1.01     66.4    3.5   1.5                
K2-72 c      3360    15.2      1.16     66.4    2.6   2.9                
5554.01      3997    26.7      2.68     39.4    54.2  4.3                
1434.01      5394    29.9      2.41     37.8    81.7  4.3                
TOI-1266 b   3563    10.9      2.52     36.0    119.9 3.3                
TOI-1266 c   3563    18.8      1.98     36.0    8.7   4.3                
2285.01      3546    27.3      1.58     42.4    2.9   3.1                
TOI-2285 b   3491    13.6      1.77     42.4    0.8   4.2                
TOI-700 d    3459    37.4      1.07     31.1    3.6   4.1                
TOI-700 b    3459    10.0      0.91     31.1    6.2   1.3                
TOI-700 c    3459    16.1      2.60     31.1    78.1  4.2                
TOI-700 e    3459    27.8      0.95     31.1    4.0   2.8                
4576.01      4271    10.5      3.51     55.0    80.5  4.0                
4632.01      4152    63.1      2.88     65.5    26.0  3.9                
TOI-1467 b   3834    6.0       1.92     37.4    3.5   3.9                
Kepler-37 d  5357    39.8      2.03     63.9    90.1  1.7                
Kepler-37 e  5288    51.2      0.37     63.9    0.0   3.3                
Kepler-37 c  5357    21.3      0.76     63.9    1.3   1.0                
Kepler-37 b  5357    13.4      0.31     63.9    0.2   0.6                
5980.01      5391    79.6      1.97     63.9    3.3   3.9                
HD 15906 c   4757    21.6      2.93     45.6    81.8  3.6                
HD 15906 b   4757    10.9      2.24     45.6    71.3  1.9                
WASP-84 b    5280    8.5       10.72    100.6   93.9  3.5                
WASP-84 c    5280    1.4       1.95     100.6   2.4   0.4                
LP 714-47 b  3950    4.1       4.70     52.6    100.5 3.3                
TOI-270 d    3506    11.4      2.00     22.5    96.4  3.3                
TOI-270 c    3506    5.7       2.33     22.5    131.8 2.3                
TOI-270 b    3506    3.4       1.28     22.5    16.9  1.0                
HD 235088 b  5075    7.4       1.98     41.2    12.1  3.1                
TOI-2018 b   4174    7.4       2.27     28.0    64.7  3.1                
TOI-2095 b   3759    17.7      1.25     41.9    1.8   1.9                
TOI-2095 c   3759    28.2      1.33     41.9    1.0   3.1                
K2-3 b       3844    10.1      2.08     44.1    48.6  1.4                
K2-3 d       3844    44.6      1.46     44.1    3.6   3.0                
K2-3 c       3844    24.6      1.58     44.1    3.9   2.1                
HD 17156 b   6046    21.2      12.26    78.1    26.4  3.0                
HD 183579 b  5784    17.5      3.49     57.3    68.3  2.9                
TOI-2015 b   3297    3.3       3.31     47.3    149.3 2.8                
TOI-1728 b   3980    3.5       5.05     60.8    128.3 2.8                
233.01       3644    11.7      2.02     33.8    56.1  2.7                
233.02       3644    7.2       1.71     33.8    6.8   1.7                
TOI-1452 b   3185    11.1      1.67     30.5    5.1   2.7                
6078.02      5212    25.1      3.90     68.7    137.1 2.7                
6078.01      5212    9.7       2.24     68.7    46.8  1.0                
TOI-4438 b   3422    7.4       2.52     30.0    135.1 2.7                
TOI-904 c    3770    84.0      2.17     46.1    22.5  2.6                
TOI-904 b    3770    10.9      2.43     46.1    51.6  0.8                
687.01       4254    36.3      2.21     42.4    38.9  2.4                
TOI-1696 b   3185    2.5       3.09     64.9    17.6  2.4                
TOI-480 b    6174    6.9       2.85     54.5    42.3  2.4                
TOI-1691 b   5759    16.7      3.66     111.4   49.4  2.4                
TOI-2459 b   4195    19.1      2.95     36.6    76.2  2.4                
TOI-1751 b   5970    37.5      2.95     113.3   14.2  2.4                
2276.01      5482    76.9      1.92     68.1    2.9   2.3                
1718.01      5378    5.6       4.24     52.3    171.5 2.3                
HD 332231 b  6128    18.7      9.07     80.7    181.8 2.3                
HD 35843 c   5666    47.0      2.54     69.6    25.4  2.3                
TOI-1742 b   5815    21.3      2.37     72.9    27.6  2.3                
TOI-1268 b   5300    8.2       9.10     109.6   128.7 2.3                
TOI-1451 b   5801    16.5      2.61     91.9    21.8  2.3                
KELT-2 A b   6327    4.1       15.13    134.1   104.8 2.3                
TOI-286 b    5152    4.5       1.42     59.2    4.1   0.5                
TOI-286 c    5152    39.4      1.88     59.2    4.8   2.2                
TOI-1801 b   3863    10.6      2.08     30.7    60.7  2.2                
TOI-1235 b   3997    3.4       1.69     39.6    4.3   2.2                
HD 3167 c    5261    29.8      3.00     47.3    70.0  2.1                
HD 3167 b    5261    1.0       1.67     47.3    10.7  0.2                
TOI-198 b    3801    10.2      1.36     23.7    7.3   2.1                
6850.01      4276    6.1       3.37     80.8    46.9  2.1                
TOI-257 b    6095    18.4      7.16     76.9    142.0 2.0                
TOI-620 b    3708    5.1       3.76     33.0    170.6 2.0                
TOI-122 b    3403    5.1       2.72     62.1    67.4  2.0                
K2-9 b       3390    18.4      2.25     83.0    26.7  2.0                
6992.01      4448    15.1      4.03     82.7    85.7  2.0                
TOI-2136 b   3342    7.9       2.19     33.4    65.2  2.0                
HD 23472 f   4684    12.2      1.14     39.0    12.1  0.6                
HD 23472 e   4684    7.9       0.82     39.0    5.5   0.5                
HD 23472 b   4684    17.7      2.00     39.0    34.9  1.9                
HD 23472 d   4684    4.0       0.75     39.0    7.0   0.3                
HD 23472 c   4684    29.8      1.87     39.0    7.6   2.0                
870.01       3927    22.0      2.34     53.8    31.5  1.9                
133.01       4028    8.2       1.92     48.6    6.0   1.9                
Wolf 503 b   4716    6.0       2.04     44.5    61.8  1.8                
2079.02      3577    9.3       2.06     37.1    52.4  1.8                
2079.01      3577    1.5       1.26     37.1    7.7   0.4                
TOI-5788 b   5615    6.3       1.53     97.6    3.0   0.8                
TOI-5788 c   5615    16.2      2.27     97.6    33.0  1.7                
HIP 94235 b  5991    7.7       3.00     58.5    3.0   1.7                
Kepler-10 c  5708    45.3      2.35     185.5   7.8   1.7                
Kepler-10 b  5708    0.8       1.47     185.5   3.8   0.1                
TOI-1695 b   3690    3.1       1.90     45.1    5.4   1.7                
TOI-2128 b   5968    16.3      2.09     36.6    95.4  1.7                
TOI-771 b    3370    2.3       1.36     25.3    15.5  1.7                
727.01       3653    4.7       1.98     43.0    5.6   1.6                
727.02       3653    0.7       1.08     43.0    8.9   0.3                
K2-174 b     4455    19.6      2.60     99.9    27.3  1.6                
6871.01      5647    12.5      2.52     74.2    65.5  1.5                
5169.01      5002    8.0       2.26     36.2    99.2  1.5                
HIP 113103 c 4930    14.2      2.40     46.2    66.9  1.5                
HIP 113103 b 4930    7.6       1.83     46.2    7.4   0.8                
2287.01      6037    11.8      1.75     95.0    3.5   1.5                
4185.01      4396    16.5      3.33     99.0    28.4  1.5                
Kepler-138 c 3841    13.8      1.51     66.9    3.0   1.0                
Kepler-138 b 3841    10.3      0.64     66.9    9.8   0.3                
Kepler-138 d 3841    23.1      1.51     66.9    2.8   1.4                
1643.01      4763    20.1      2.72     40.7    83.7  1.3                
1752.01      3652    0.9       1.80     103.0   4.4   0.1                
1752.02      3652    32.7      2.42     103.0   15.4  1.3                
4643.01      3782    5.0       1.47     40.1    6.0   0.7                
4643.02      3782    10.7      1.72     40.1    4.8   1.3                
TOI-4529 b   3697    5.9       1.77     28.4    7.1   1.3                
TOI-2158 b   5673    8.6       10.76    198.5   36.5  1.3                
HD 118203 b  5742    6.1       12.78    92.3    42.6  1.3                
214.01       5346    18.6      1.58     39.0    6.8   1.2                
214.02       5346    9.7       0.81     39.0    9.5   0.4                
4556.01      3319    3.8       1.46     36.7    9.4   1.2                
4451.01      6138    8.9       3.66     87.9    97.6  1.2                
WASP-8 b     5600    8.2       12.67    90.0    50.1  1.2                
TOI-6054.02  6047    12.6      2.82     79.4    51.1  1.1                
TOI-6054.01  6047    7.5       2.64     79.4    36.6  0.9                
TOI-244 b    3433    7.4       1.52     22.0    9.1   1.1                
TOI-1648 b   4850    7.3       2.54     69.8    58.9  1.1                
K2-18 b      3457    32.9      2.37     38.0    35.3  1.0                
K2-25 b      3207    3.5       3.44     45.0    67.1  0.3                
HD 219134 b  4699    3.1       1.60     6.5     37.4  14.1               
HD 219134 c  4699    6.8       1.51     6.5     26.3  23.4               
Kepler-444 b 5046    3.6       0.40     36.4    19.6  0.9                
Kepler-444 d 5046    6.2       0.53     36.4    7.0   2.4                
Kepler-444 c 5046    4.5       0.50     36.4    16.1  1.4                
Kepler-444 f 5046    9.7       0.74     36.4    9.9   3.8                
Kepler-444 e 5046    7.7       0.55     36.4    14.1  2.2                
TOI-5388.01  3440    2.6       0.99     18.5    6.7   1.3                
