target_selection_data/intermediates/galex_magntiudes.ecsv
# %ECSV 1.0
# ---
# datatype:
# - name: id
#   datatype: string
#   description: Planet Name
#   meta: !!omap
#   - {_votable_string_dtype: char}
#   subtype: json
# - {name: sy_nuvmag, datatype: float64}
# - {name: sy_nuvmagerr1, datatype: float64}
# - {name: sy_nuvmagerr2, datatype: float64}
# - {name: sy_nuvmaglim, datatype: float64}
# - {name: sy_nuvmagobs, datatype: bool}
# - {name: sy_fuvmag, datatype: float64}
# - {name: sy_fuvmagerr1, datatype: float64}
# - {name: sy_fuvmagerr2, datatype: float64}
# - {name: sy_fuvmaglim, datatype: float64}
# - {name: sy_fuvmagobs, datatype: bool}
# schema: astropy-2.0
id sy_nuvmag sy_nuvmagerr1 sy_nuvmagerr2 sy_nuvmaglim sy_nuvmagobs sy_fuvmag sy_fuvmagerr1 sy_fuvmagerr2 sy_fuvmaglim sy_fuvmagobs
[from data line 1708]
"""V1298 Tau b""" 16.86942690440277 0.015690574062045912 0.015690574062045912 0.0 True 20.410146486495556 0.24224703468740075 0.24224703468740075 0.0 True
"""V1298 Tau c""" 16.86942690440277 0.015690574062045912 0.015690574062045912 0.0 True 20.410146486495556 0.24224703468740075 0.24224703468740075 0.0 True
"""V1298 Tau d""" 16.86942690440277 0.015690574062045912 0.015690574062045912 0.0 True 20.410146486495556 0.24224703468740075 0.24224703468740075 0.0 True
"""V1298 Tau e""" 16.86942690440277 0.015690574062045912 0.015690574062045912 0.0 True 20.410146486495556 0.24224703468740075 0.24224703468740075 0.0 True
"""WASP-10 b""" 20.274260388789575 0.05303805442424285 0.05303805442424285 0.0 True 21.52722445039324 "" "" -1.0 True
"""WASP-104 b""" 23.18130817918407 "" "" -1.0 True 23.16744947496347 "" "" -1.0 True
"""WASP-105 b""" 19.272189906256354 0.05037271892406289 0.05037271892406289 0.0 True 21.804212807410025 "" "" -1.0 True
"""WASP-107 b""" "" "" "" "" False "" "" "" "" False
"""WASP-11 b""" 19.38550590655962 0.06691196588379128 0.06691196588379128 0.0 True 21.07434749072049 "" "" -1.0 True
"""WASP-117 b""" 14.812118800135572 0.008327561485465682 0.008327561485465682 0.0 True 20.885796275678853 0.4876485503389208 0.4876485503389208 0.0 True
"""WASP-123 b""" "" "" "" "" False "" "" "" "" False
"""WASP-127 b""" 15.28661002537291 0.008878548678303469 0.008878548678303469 0.0 True 22.35832884174215 1.0216266309257445 1.0216266309257445 0.0 True
"""WASP-130 b""" 17.293763698315146 0.03038910175242982 0.03038910175242982 0.0 True 20.798822332303356 "" "" -1.0 True
"""WASP-132 b""" "" "" "" "" False "" "" "" "" False
"""WASP-132 c""" "" "" "" "" False "" "" "" "" False
"""WASP-14 b""" 13.60861180353114 0.006554859773817411 0.006554859773817411 0.0 True 19.125042889616303 0.13259102519404184 0.13259102519404184 0.0 True
"""WASP-140 b""" "" "" "" "" False "" "" "" "" False
"""WASP-145 A b""" 19.510919029744766 0.056339842844244085 0.056339842844244085 0.0 True 22.26021686711718 1.3394325530000573 1.3394325530000573 0.0 True
"""WASP-156 b""" 19.290261423520118 0.026454670347915033 0.026454670347915033 0.0 True 23.339577182773514 "" "" -1.0 True
"""WASP-16 b""" 17.24732691687194 0.037326898313341766 0.037326898313341766 0.0 True 21.259582050113046 "" "" -1.0 True
"""WASP-166 b""" 14.51489228891469 0.008981719093181774 0.008981719093181774 0.0 True 21.073221133520725 0.4952909591307665 0.4952909591307665 0.0 True
"""WASP-177 b""" "" "" "" "" False "" "" "" "" False
"""WASP-18 b""" 14.20794448681773 0.003189550384830651 0.003189550384830651 0.0 True 19.8392263800601 0.10674126464471237 0.10674126464471237 0.0 True
"""WASP-2 b""" 18.848217071073147 0.021547793207670182 0.021547793207670182 0.0 True 21.078786155990016 "" "" -1.0 True
"""WASP-29 b""" 19.543282120659192 0.03477793411462458 0.03477793411462458 0.0 True 21.89973583520671 "" "" -1.0 True
"""WASP-34 b""" 16.0705803952024 0.014017276401111268 0.014017276401111268 0.0 True 21.449204883149513 "" "" -1.0 True
"""WASP-38 b""" 14.319990798437065 0.005230520200790335 0.005230520200790335 0.0 True 20.360898481524348 0.19132492169981435 0.19132492169981435 0.0 True
"""WASP-41 b""" 17.586384728098245 0.02062709860565651 0.02062709860565651 0.0 True 21.38429060720958 "" "" -1.0 True
"""WASP-42 b""" 19.754432321024545 0.04592851919490063 0.04592851919490063 0.0 True 20.890046206941612 "" "" -1.0 True
"""WASP-43 b""" 21.375229048985627 0.43664329381104877 0.43664329381104877 0.0 True 21.687888277050106 "" "" -1.0 True
"""WASP-49 b""" 22.34932066165271 2.3864598034118827 2.3864598034118827 0.0 True 20.813299659245388 "" "" -1.0 True
"""WASP-50 b""" 17.960396521277517 0.0109542616546495 0.0109542616546495 0.0 True 23.190620774271387 "" "" -1.0 True
"""WASP-52 b""" "" "" "" "" False "" "" "" "" False
"""WASP-59 b""" 21.734993885239437 0.6938394845214112 0.6938394845214112 0.0 True 21.55890081295555 "" "" -1.0 True
"""WASP-6 b""" 18.173619577848637 0.04692656912369588 0.04692656912369588 0.0 True 21.85654753773989 "" "" -1.0 True
"""WASP-62 b""" 14.932425598164627 0.007641941869048635 0.007641941869048635 0.0 True 20.902945146380098 0.37630583629429115 0.37630583629429115 0.0 True
"""WASP-67 b""" 19.027340614716824 0.025508530959481433 0.025508530959481433 0.0 True 21.24827857360539 "" "" -1.0 True
"""WASP-69 b""" 17.53997761001959 0.03116049634745852 0.03116049634745852 0.0 True 21.520920314691715 "" "" -1.0 True
"""WASP-7 b""" "" "" "" "" False "" "" "" "" False
"""WASP-74 b""" "" "" "" "" False "" "" "" "" False
"""WASP-76 b""" 14.521452910462479 0.008648187845387453 0.008648187845387453 0.0 True 21.02566701921389 0.3632505474062103 0.3632505474062103 0.0 True
"""WASP-77 A b""" 16.04814489546233 0.004590880361550597 0.004590880361550597 0.0 True 22.953274491643064 0.5335620582047941 0.5335620582047941 0.0 True
"""WASP-8 b""" 16.355298126904557 0.009296248068045906 0.009296248068045906 0.0 True 22.30726874758155 0.9325707884501682 0.9325707884501682 0.0 True
"""WASP-80 b""" "" "" "" "" False "" "" "" "" False
"""WASP-84 b""" 17.326235913164915 0.00603834110191455 0.00603834110191455 0.0 True 23.5199362533959 1.0585474129240395 1.0585474129240395 0.0 True
"""WASP-84 c""" 17.326235913164915 0.00603834110191455 0.00603834110191455 0.0 True 23.5199362533959 1.0585474129240395 1.0585474129240395 0.0 True
"""WASP-85 A b""" 16.14857526800044 0.0031082232027391994 0.0031082232027391994 0.0 True 22.659947126467053 0.35215552401096395 0.35215552401096395 0.0 True
"""WASP-91 b""" 19.526071915866805 0.08969659126574372 0.08969659126574372 0.0 True "" "" "" "" False
"""WASP-95 b""" 15.80674431266183 0.0065223680598103006 0.0065223680598103006 0.0 True 22.223729249264707 0.5993232006730157 0.5993232006730157 0.0 True
"""WASP-97 b""" "" "" "" "" False "" "" "" "" False
"""WASP-99 b""" 14.820717644163842 0.006049367307948098 0.006049367307948098 0.0 True 20.906163044863156 0.22094604387035527 0.22094604387035527 0.0 True
"""Wolf 503 b""" 18.47721663881438 0.04432007655100465 0.04432007655100465 0.0 True 21.788996154558518 "" "" -1.0 True
"""XO-1 b""" 16.678363239776758 0.018780071599902196 0.018780071599902196 0.0 True 21.67018187616317 "" "" -1.0 True
"""XO-2 N b""" 18.137962639724293 0.012466226440115089 0.012466226440115089 0.0 True 21.71423248720674 "" "" -1.0 True
"""pi Men c""" 21.496976751895307 "" "" -1.0 True 17.480261853385635 0.05996824589824678 0.05996824589824678 0.0 True
