target_selection_data/intermediates/galex_magntiudes.ecsv
# %ECSV 1.0
# ---
# datatype:
# - name: id
#   datatype: string
#   description: Planet Name
#   meta: !!omap
#   - {_votable_string_dtype: char}
#   subtype: json
# - {name: sy_nuvmag, datatype: float64}
# - {name: sy_nuvmagerr1, datatype: float64}
# - {name: sy_nuvmagerr2, datatype: float64}
# - {name: sy_nuvmaglim, datatype: float64}
# - {name: sy_nuvmagobs, datatype: bool}
# - {name: sy_fuvmag, datatype: float64}
# - {name: sy_fuvmagerr1, datatype: float64}
# - {name: sy_fuvmagerr2, datatype: float64}
# - {name: sy_fuvmaglim, datatype: float64}
# - {name: sy_fuvmagobs, datatype: bool}
# schema: astropy-2.0
id sy_nuvmag sy_nuvmagerr1 sy_nuvmagerr2 sy_nuvmaglim sy_nuvmagobs sy_fuvmag sy_fuvmagerr1 sy_fuvmagerr2 sy_fuvmaglim sy_fuvmagobs
[from data line 464]
"""516.01""" 21.56467145685071 "" "" -1.0 True 21.339815250563998 "" "" -1.0 True
"""5160.01""" 17.538684264679436 0.013205048016705115 0.013205048016705115 0.0 True "" "" "" "" False
"""5161.01""" 21.374988637628768 0.11088904156600389 0.11088904156600389 0.0 True 22.623331654205025 0.30435532423284095 0.30435532423284095 0.0 True
"""5169.01""" 15.951130551686937 0.004333116239549743 0.004333116239549743 0.0 True 21.04900981453416 0.11073954478340138 0.11073954478340138 0.0 True
"""5172.01""" 19.81403685910703 0.041062757589113104 0.041062757589113104 0.0 True 22.751859394437737 1.3524953838426934 1.3524953838426934 0.0 True
"""518.01""" 15.961026395971928 0.0042630364415790975 0.0042630364415790975 0.0 True 26.060243666346253 8.315532017329467 8.315532017329467 0.0 True
"""5207.01""" 21.918816701984102 0.7434183295497274 0.7434183295497274 0.0 True 21.8508251739958 "" "" -1.0 True
"""5278.01""" 26.447913277884076 16.87583183893166 16.87583183893166 0.0 True 20.90772140983312 "" "" -1.0 True
"""5285.01""" 20.416157989846987 0.2222655370042247 0.2222655370042247 0.0 True 21.370263753469523 "" "" -1.0 True
"""5295.01""" 21.19786366260683 "" "" -1.0 True "" "" "" "" False
"""5307.01""" 20.21297556974079 0.20477475602659698 0.20477475602659698 0.0 True 21.822840222554493 "" "" -1.0 True
"""5310.01""" 20.953062286981876 0.4052741616204466 0.4052741616204466 0.0 True 21.575642978640158 "" "" -1.0 True
"""533.01""" 19.853406572215576 0.05532281611969669 0.05532281611969669 0.0 True 21.37189265586602 "" "" -1.0 True
"""5343.01""" 19.68267290338551 0.12446708590244986 0.12446708590244986 0.0 True 21.198315956055414 "" "" -1.0 True
"""5349.01""" 21.36945964680742 "" "" -1.0 True "" "" "" "" False
"""5358.01""" 19.58037492068968 0.18970535784618336 0.18970535784618336 0.0 True 20.694183214824157 "" "" -1.0 True
"""5359.01""" 21.249941851585596 "" "" -1.0 True 20.606599537751773 "" "" -1.0 True
"""5375.01""" 20.058583424920034 0.13355548547534407 0.13355548547534407 0.0 True 21.641079773582568 0.672355628761738 0.672355628761738 0.0 True
"""5389.01""" 21.860424234222574 "" "" -1.0 True 21.92583068120482 "" "" -1.0 True
"""5390.01""" 17.955122954771067 0.004765758296173636 0.004765758296173636 0.0 True 23.103879353318113 0.2889587644472827 0.2889587644472827 0.0 True
"""5391.01""" 15.747833360385581 0.010128005651223692 0.010128005651223692 0.0 True 20.897093336051572 0.403281518768298 0.403281518768298 0.0 True
"""5392.01""" 14.939857124201518 0.010589062028043373 0.010589062028043373 0.0 True 21.46039818687358 0.5363241554060022 0.5363241554060022 0.0 True
"""5393.01""" 13.913054491267943 0.004518207617369035 0.004518207617369035 0.0 True 20.723660634419154 0.21260204394815896 0.21260204394815896 0.0 True
"""5394.01""" 13.789592689876464 0.00574576636668151 0.00574576636668151 0.0 True "" "" "" "" False
"""5395.01""" 14.85973715632884 0.0038470555565301465 0.0038470555565301465 0.0 True 21.664000975645592 0.3390555732714351 0.3390555732714351 0.0 True
"""5397.01""" "" "" "" "" False "" "" "" "" False
"""5404.01""" "" "" "" "" False "" "" "" "" False
"""5416.01""" 20.831538072845113 0.26378535960826355 0.26378535960826355 0.0 True 21.257160821869068 "" "" -1.0 True
"""5458.01""" 16.106514596611277 0.01481513022850785 0.01481513022850785 0.0 True 21.43690891563986 "" "" -1.0 True
"""5486.01""" 24.40697271499648 1.639251057049961 1.639251057049961 0.0 True 21.837468372032927 "" "" -1.0 True
"""5489.01""" 21.742395695355007 "" "" -1.0 True 21.745509797133685 "" "" -1.0 True
"""5489.02""" 21.742395695355007 "" "" -1.0 True 21.745509797133685 "" "" -1.0 True
"""5491.01""" 19.669941770912086 0.1402258912927124 0.1402258912927124 0.0 True 21.3029305279777 "" "" -1.0 True
"""5495.01""" 16.628254292219843 0.025792882627302654 0.025792882627302654 0.0 True 22.054408623235982 "" "" -1.0 True
"""55 Cnc e""" 13.37100572566006 0.001261593738419705 0.001261593738419705 0.0 True 19.90033538621791 0.04942447493461774 0.04942447493461774 0.0 True
"""5511.01""" 23.968718669453487 1.303235207982904 1.303235207982904 0.0 True 23.014976756154596 "" "" -1.0 True
"""5515.01""" 17.100186258968915 0.024664885065879338 0.024664885065879338 0.0 True 21.925726249766498 "" "" -1.0 True
"""5521.01""" 13.628137336829031 0.005220686368716331 0.005220686368716331 0.0 True 19.111210372148875 0.11187867315378579 0.11187867315378579 0.0 True
"""5526.01""" 19.651837479186845 0.13691555101785624 0.13691555101785624 0.0 True 21.603165609450897 "" "" -1.0 True
"""553.02""" 17.356687603415292 0.03951407921087859 0.03951407921087859 0.0 True 21.690665676219307 "" "" -1.0 True
"""553.03""" 17.356687603415292 0.03951407921087859 0.03951407921087859 0.0 True 21.690665676219307 "" "" -1.0 True
"""5531.01""" 14.090669099101827 0.005289901796514545 0.005289901796514545 0.0 True 21.466378575817135 0.3419733230972646 0.3419733230972646 0.0 True
"""5532.01""" 22.03055289673811 0.992710336264759 0.992710336264759 0.0 True 21.717385274843174 "" "" -1.0 True
"""5532.02""" 22.03055289673811 0.992710336264759 0.992710336264759 0.0 True 21.717385274843174 "" "" -1.0 True
"""5539.01""" 16.883783110380016 0.005947987275414064 0.005947987275414064 0.0 True 23.108106209570295 1.9533393289346388 1.9533393289346388 0.0 True
"""5543.01""" 18.409532677372578 0.028515444400347357 0.028515444400347357 0.0 True 20.911364534008385 0.48809825651825817 0.48809825651825817 0.0 True
"""5544.01""" 18.3443961082043 0.017865683220253586 0.017865683220253586 0.0 True 20.798588088799644 "" "" -1.0 True
"""5547.01""" 17.262475613655276 0.0313554779897314 0.0313554779897314 0.0 True 21.34691749012443 "" "" -1.0 True
"""5548.01""" 16.964233187635045 0.018337366257696535 0.018337366257696535 0.0 True 21.880435552242766 "" "" -1.0 True
"""5550.01""" 15.295175039630339 0.013890596972127023 0.013890596972127023 0.0 True 21.701952834085574 "" "" -1.0 True
"""5551.01""" "" "" "" "" False "" "" "" "" False
"""5554.01""" 19.641546335346202 0.09582613092583428 0.09582613092583428 0.0 True 21.419861018254192 "" "" -1.0 True
"""557.01""" "" "" "" "" False "" "" "" "" False
"""5572.01""" 19.378436275101443 0.09714612851671114 0.09714612851671114 0.0 True 21.187348090302073 0.5793359109617019 0.5793359109617019 0.0 True
"""5575.01""" 21.741831121632263 "" "" -1.0 True 21.422944693966553 "" "" -1.0 True
"""5578.01""" "" "" "" "" False 21.685200982344398 "" "" -1.0 True
"""5579.01""" "" "" "" "" False "" "" "" "" False
"""5581.01""" 19.976556782070475 0.170003594407508 0.170003594407508 0.0 True 21.79871237448736 "" "" -1.0 True
"""5584.01""" "" "" "" "" False "" "" "" "" False
"""5590.01""" 21.5574587143545 0.14879038783861068 0.14879038783861068 0.0 True 21.646278784077573 "" "" -1.0 True
"""5595.01""" 23.294848001083647 3.1520998199609243 3.1520998199609243 0.0 True 21.838662365422692 "" "" -1.0 True
"""5605.01""" "" "" "" "" False "" "" "" "" False
"""5611.01""" 20.22195390379215 0.18285752521044615 0.18285752521044615 0.0 True 21.37236817143789 "" "" -1.0 True
"""5611.02""" 20.22195390379215 0.18285752521044615 0.18285752521044615 0.0 True 21.37236817143789 "" "" -1.0 True
"""5624.01""" 17.099621985936487 0.005855713530989831 0.005855713530989831 0.0 True 21.87489996840777 "" "" -1.0 True
"""5624.02""" 17.099621985936487 0.005855713530989831 0.005855713530989831 0.0 True 21.87489996840777 "" "" -1.0 True
"""5624.03""" 17.099621985936487 0.005855713530989831 0.005855713530989831 0.0 True 21.87489996840777 "" "" -1.0 True
"""5624.04""" 17.099621985936487 0.005855713530989831 0.005855713530989831 0.0 True 21.87489996840777 "" "" -1.0 True
"""5627.01""" 20.046742867636866 0.01958020732634298 0.01958020732634298 0.0 True 23.389058649120926 "" "" -1.0 True
"""5629.01""" 18.03524761928444 0.033154507858970506 0.033154507858970506 0.0 True 21.66803491157132 "" "" -1.0 True
"""5630.01""" 17.540823389798803 0.032550267813749374 0.032550267813749374 0.0 True 21.508544363651268 "" "" -1.0 True
"""5655.01""" "" "" "" "" False "" "" "" "" False
"""5662.01""" 21.759537897783773 0.8157694473529654 0.8157694473529654 0.0 True 21.83720623976089 "" "" -1.0 True
"""5671.01""" 21.964181044110695 "" "" -1.0 True 22.05194376421862 "" "" -1.0 True
"""5677.01""" 14.3799414707047 0.0016226795722116341 0.0016226795722116341 0.0 True 20.453784049489524 0.0467837523974707 0.0467837523974707 0.0 True
"""5687.01""" 20.06620899271489 0.26112865719147976 0.26112865719147976 0.0 True 21.431751131475675 "" "" -1.0 True
"""5696.02""" 16.336129127705156 0.0022262528415125807 0.0022262528415125807 0.0 True 23.483444164880286 2.7176776012141635 2.7176776012141635 0.0 True
"""5697.01""" 17.59463548058959 0.023392070972237416 0.023392070972237416 0.0 True 21.144085213428372 "" "" -1.0 True
"""5700.01""" "" "" "" "" False "" "" "" "" False
"""5701.01""" 15.482759045656557 0.002997706053901962 0.002997706053901962 0.0 True 21.282330674506994 0.12380631073266153 0.12380631073266153 0.0 True
"""5703.01""" 15.810565849789048 0.010630554217149485 0.010630554217149485 0.0 True 20.996372815830064 "" "" -1.0 True
"""5705.01""" 15.3969453213837 0.014177075601642336 0.014177075601642336 0.0 True 21.51398441140673 0.5851046991928679 0.5851046991928679 0.0 True
"""5706.01""" 20.064349662990235 0.17280999656473048 0.17280999656473048 0.0 True 21.280804611963056 "" "" -1.0 True
"""5708.01""" 15.943500919310239 0.004319978544195657 0.004319978544195657 0.0 True 21.89643170689493 "" "" -1.0 True
"""5710.01""" 16.975130238311053 0.01755538917264905 0.01755538917264905 0.0 True 22.16950887918357 "" "" -1.0 True
"""5711.01""" "" "" "" "" False "" "" "" "" False
"""5714.01""" 16.95766708087816 0.006799394481148267 0.006799394481148267 0.0 True 21.634068127470236 "" "" -1.0 True
"""5717.01""" 16.991961107112537 0.007270693331221989 0.007270693331221989 0.0 True 22.076737096488074 "" "" -1.0 True
"""573.01""" "" "" "" "" False 21.319984134449268 "" "" -1.0 True
"""5733.01""" 20.474583700908877 0.17728283259278663 0.17728283259278663 0.0 True 21.957998359073116 "" "" -1.0 True
"""5734.01""" 17.279353471382706 0.007082751317041127 0.007082751317041127 0.0 True 20.97510903013955 0.3853719310007124 0.3853719310007124 0.0 True
"""5737.01""" 22.80467542381909 0.38938566054688706 0.38938566054688706 0.0 True 21.395492273520105 "" "" -1.0 True
"""5738.01""" 21.850074776064925 "" "" -1.0 True 21.726094064585862 "" "" -1.0 True
"""5738.02""" 21.850074776064925 "" "" -1.0 True 21.726094064585862 "" "" -1.0 True
"""5739.01""" 14.463743219107048 0.00456627614314773 0.00456627614314773 0.0 True 18.831000413948104 0.08444735485609522 0.08444735485609522 0.0 True
"""5741.01""" 19.081934595346524 0.08476987753695485 0.08476987753695485 0.0 True 21.289093580410523 "" "" -1.0 True
"""5743.01""" "" "" "" "" False "" "" "" "" False
"""5761.01""" "" "" "" "" False "" "" "" "" False
"""5775.01""" "" "" "" "" False "" "" "" "" False
"""5777.01""" 21.862177491573885 0.4094808997199129 0.4094808997199129 0.0 True 21.767841988545253 "" "" -1.0 True
"""5783.01""" "" "" "" "" False "" "" "" "" False
"""5788.01""" 15.53993295429533 0.015632324255921145 0.015632324255921145 0.0 True 20.824484254685334 "" "" -1.0 True
"""5788.02""" 15.53993295429533 0.015632324255921145 0.015632324255921145 0.0 True 20.824484254685334 "" "" -1.0 True
"""5789.01""" "" "" "" "" False "" "" "" "" False
"""5792.01""" 16.375046007333054 0.018081567641631394 0.018081567641631394 0.0 True 19.9723718833051 0.2184691984384 0.2184691984384 0.0 True
"""5808.01""" 14.974805655246955 0.0023048423230956103 0.0023048423230956103 0.0 True 21.00071834868056 0.32375066158276405 0.32375066158276405 0.0 True
"""5811.01""" 13.279705160350533 0.003914585759913462 0.003914585759913462 0.0 True 19.394435737643562 0.11659516620675646 0.11659516620675646 0.0 True
"""5812.01""" 17.277693472144826 0.003737223378330614 0.003737223378330614 0.0 True 23.636969262596836 0.9239691972343456 0.9239691972343456 0.0 True
"""5813.01""" 16.363185197151893 0.014388218122713512 0.014388218122713512 0.0 True "" "" "" "" False
"""5814.01""" 18.48337783009534 0.050913768907590425 0.050913768907590425 0.0 True "" "" "" "" False
"""5819.01""" 18.01217346003625 0.025152649731347183 0.025152649731347183 0.0 True 21.4502998733683 "" "" -1.0 True
"""5825.01""" 15.328244751014235 0.002536201853851454 0.002536201853851454 0.0 True 21.380417923790656 0.15265773687833814 0.15265773687833814 0.0 True
"""5834.01""" "" "" "" "" False "" "" "" "" False
"""5836.01""" "" "" "" "" False "" "" "" "" False
"""585.01""" "" "" "" "" False "" "" "" "" False
"""5859.01""" "" "" "" "" False "" "" "" "" False
"""5873.01""" 23.25414262935453 "" "" -1.0 True 23.129603568016314 "" "" -1.0 True
"""5879.01""" 22.83507364286022 3.048218556635032 3.048218556635032 0.0 True 21.36490113064153 "" "" -1.0 True
"""5916.01""" 21.791945644839714 "" "" -1.0 True 21.65295225215842 "" "" -1.0 True
"""5938.01""" "" "" "" "" False "" "" "" "" False
"""5941.01""" 20.60911312624672 0.31755378629324593 0.31755378629324593 0.0 True "" "" "" "" False
"""5947.01""" 15.280626788990052 0.007942703271531498 0.007942703271531498 0.0 True 20.931953778210083 0.37659673966513263 0.37659673966513263 0.0 True
"""5949.01""" "" "" "" "" False "" "" "" "" False
"""5949.02""" "" "" "" "" False "" "" "" "" False
"""5958.01""" "" "" "" "" False "" "" "" "" False
"""5967.01""" 16.624203231173702 0.005400842463511981 0.005400842463511981 0.0 True "" "" "" "" False
"""5968.02""" 15.332586609136929 0.008989513929486654 0.008989513929486654 0.0 True 24.60219447369644 9.238797714303896 9.238797714303896 0.0 True
"""5980.01""" 15.615049551946164 0.002507744274104992 0.002507744274104992 0.0 True 21.39343377307207 "" "" -1.0 True
"""5981.01""" 23.186450328050448 1.425438910604645 1.425438910604645 0.0 True "" "" "" "" False
"""5987.01""" 22.788800249600165 1.9615817430801794 1.9615817430801794 0.0 True 21.51137806813572 "" "" -1.0 True
"""5998.01""" 20.53556300403059 0.46603776446852363 0.46603776446852363 0.0 True "" "" "" "" False
"""6018.01""" 18.189922485894947 0.0023502912841192065 0.0023502912841192065 0.0 True 22.78429840384408 "" "" -1.0 True
"""6022.01""" 21.25286282339538 "" "" -1.0 True "" "" "" "" False
"""6022.02""" 21.25286282339538 "" "" -1.0 True "" "" "" "" False
"""6032.01""" 13.487704603402213 0.0036853203601990596 0.0036853203601990596 0.0 True 19.721758652189674 0.12609648954120947 0.12609648954120947 0.0 True
"""6044.01""" 15.837449053488115 0.012050513660188545 0.012050513660188545 0.0 True 21.46678944691029 "" "" -1.0 True
"""6058.01""" 19.110571096854454 0.10229099688522765 0.10229099688522765 0.0 True "" "" "" "" False
"""6059.01""" 17.325419768833925 0.007853996272936415 0.007853996272936415 0.0 True 21.34163166034133 "" "" -1.0 True
"""6062.01""" 15.12431128628612 0.014338680027571497 0.014338680027571497 0.0 True "" "" "" "" False
"""6065.01""" "" "" "" "" False "" "" "" "" False
"""6067.01""" "" "" "" "" False "" "" "" "" False
"""6070.01""" 19.362355057496572 0.08366439581706267 0.08366439581706267 0.0 True 21.757752141355773 "" "" -1.0 True
"""6077.01""" "" "" "" "" False "" "" "" "" False
"""6078.01""" "" "" "" "" False "" "" "" "" False
"""6078.02""" "" "" "" "" False "" "" "" "" False
"""6080.01""" 17.10106473586758 0.02544650352793645 0.02544650352793645 0.0 True 21.398280464122216 "" "" -1.0 True
"""609.01""" 16.46421748535404 0.03528409745017587 0.03528409745017587 0.0 True "" "" "" "" False
"""6091.01""" "" "" "" "" False "" "" "" "" False
"""6095.01""" 17.215403329620415 0.03208774095168155 0.03208774095168155 0.0 True "" "" "" "" False
"""6098.01""" "" "" "" "" False "" "" "" "" False
"""6099.01""" 18.664157858925318 0.05695136593236489 0.05695136593236489 0.0 True 21.00603017229208 "" "" -1.0 True
"""6110.01""" 21.511815531175824 "" "" -1.0 True 21.220597985292226 "" "" -1.0 True
