target_selection_data/intermediates/galex_magntiudes.ecsv
# %ECSV 1.0
# ---
# datatype:
# - name: id
#   datatype: string
#   description: Planet Name
#   meta: !!omap
#   - {_votable_string_dtype: char}
#   subtype: json
# - {name: sy_nuvmag, datatype: float64}
# - {name: sy_nuvmagerr1, datatype: float64}
# - {name: sy_nuvmagerr2, datatype: float64}
# - {name: sy_nuvmaglim, datatype: float64}
# - {name: sy_nuvmagobs, datatype: bool}
# - {name: sy_fuvmag, datatype: float64}
# - {name: sy_fuvmagerr1, datatype: float64}
# - {name: sy_fuvmagerr2, datatype: float64}
# - {name: sy_fuvmaglim, datatype: float64}
# - {name: sy_fuvmagobs, datatype: bool}
# schema: astropy-2.0
id sy_nuvmag sy_nuvmagerr1 sy_nuvmagerr2 sy_nuvmaglim sy_nuvmagobs sy_fuvmag sy_fuvmagerr1 sy_fuvmagerr2 sy_fuvmaglim sy_fuvmagobs
[from data line 1395]
"""TOI-1347 c""" 17.440650202573735 0.0073135518204464735 0.0073135518204464735 0.0 True 22.674021334305497 "" "" -1.0 True
"""TOI-1386 b""" 16.380732311001367 0.02043450176181961 0.02043450176181961 0.0 True "" "" "" "" False
"""TOI-139 b""" 18.788538409040168 0.05443155507786415 0.05443155507786415 0.0 True 22.465474856148017 0.9686830620122624 0.9686830620122624 0.0 True
"""TOI-1408 b""" 14.160616622079985 0.001837397640908661 0.001837397640908661 0.0 True 20.565028181349664 0.3305811670610155 0.3305811670610155 0.0 True
"""TOI-1408 c""" 14.160616622079985 0.001837397640908661 0.001837397640908661 0.0 True 20.565028181349664 0.3305811670610155 0.3305811670610155 0.0 True
"""TOI-1410.01""" "" "" "" "" False "" "" "" "" False
"""TOI-1422 b""" 15.832676198759989 0.013775710514922396 0.013775710514922396 0.0 True 21.137520387162155 "" "" -1.0 True
"""TOI-1422 c""" 15.832676198759989 0.013775710514922396 0.013775710514922396 0.0 True 21.13752038716216 "" "" -1.0 True
"""TOI-1437 b""" 13.786508424378997 0.0073312504689107315 0.0073312504689107315 0.0 True 20.558114145384522 0.328035745906386 0.328035745906386 0.0 True
"""TOI-1438 b""" "" "" "" "" False "" "" "" "" False
"""TOI-1438 c""" "" "" "" "" False "" "" "" "" False
"""TOI-1443 b""" 17.060571433328732 0.007714507544687556 0.007714507544687556 0.0 True 21.42468363251248 "" "" -1.0 True
"""TOI-1448 b""" "" "" "" "" False "" "" "" "" False
"""TOI-1450 A b""" 21.071232951695162 0.6616784103783826 0.6616784103783826 0.0 True 21.00531576701421 "" "" -1.0 True
"""TOI-1451 b""" 14.950752009339956 0.011777515377252504 0.011777515377252504 0.0 True 21.883920530850027 "" "" -1.0 True
"""TOI-1452 b""" 21.748354893349124 "" "" -1.0 True 21.33618372500682 "" "" -1.0 True
"""TOI-1453 b""" 18.157501254870077 0.008215004225575693 0.008215004225575693 0.0 True 21.477737213736617 "" "" -1.0 True
"""TOI-1453 c""" 18.157501254870077 0.008215004225575693 0.008215004225575693 0.0 True 21.477737213736617 "" "" -1.0 True
"""TOI-1467 b""" 21.459600728520318 0.6940553311616695 0.6940553311616695 0.0 True 20.714390715647923 "" "" -1.0 True
"""TOI-1468 b""" 18.648236672233583 0.057373359526955846 0.057373359526955846 0.0 True 21.683575727745993 "" "" -1.0 True
"""TOI-1468 c""" 18.648236672233583 0.057373359526955846 0.057373359526955846 0.0 True 21.683575727745993 "" "" -1.0 True
"""TOI-1470 b""" 20.980798433898293 "" "" -1.0 True "" "" "" "" False
"""TOI-1470 c""" 20.980798433898293 "" "" -1.0 True "" "" "" "" False
"""TOI-1472 b""" 18.552195014996126 0.057186440612815866 0.057186440612815866 0.0 True "" "" "" "" False
"""TOI-1472 c""" 18.552195014996126 0.057186440612815866 0.057186440612815866 0.0 True "" "" "" "" False
"""TOI-1478 b""" 16.62630269713797 0.02237122019310447 0.02237122019310447 0.0 True 21.20212687931415 "" "" -1.0 True
"""TOI-1630.01""" 15.7604519914631 0.012513568518684367 0.012513568518684367 0.0 True "" "" "" "" False
"""TOI-1634 b""" "" "" "" "" False "" "" "" "" False
"""TOI-1648 b""" 18.304002251238945 0.06744413576110614 0.06744413576110614 0.0 True 21.180621804848748 "" "" -1.0 True
"""TOI-1659.01""" "" "" "" "" False "" "" "" "" False
"""TOI-1669 c""" "" "" "" "" False "" "" "" "" False
"""TOI-1670 b""" 14.43678284283984 0.0020933361836054597 0.0020933361836054597 0.0 True 20.761794224729353 0.10101322407223212 0.10101322407223212 0.0 True
"""TOI-1670 c""" 14.43678284283984 0.0020933361836054597 0.0020933361836054597 0.0 True 20.761794224729353 0.10101322407223212 0.10101322407223212 0.0 True
"""TOI-1680 b""" 21.34541186206393 "" "" -1.0 True 20.966779762056206 "" "" -1.0 True
"""TOI-1683.01""" 19.211111831290612 0.01830617588179288 0.01830617588179288 0.0 True 21.306202848269496 "" "" -1.0 True
"""TOI-1685 b""" 21.19868047798629 "" "" -1.0 True "" "" "" "" False
"""TOI-1691 b""" "" "" "" "" False "" "" "" "" False
"""TOI-1694 b""" 18.73908056766088 0.048078032533924266 0.048078032533924266 0.0 True 22.06471002521748 0.9937736863200514 0.9937736863200514 0.0 True
"""TOI-1695 b""" "" "" "" "" False 21.016460787208267 "" "" -1.0 True
"""TOI-1696 b""" 21.42541213226654 0.7015611718159669 0.7015611718159669 0.0 True 20.985815628720683 "" "" -1.0 True
"""TOI-1710 b""" 15.332817487264712 0.008276795612102797 0.008276795612102797 0.0 True 20.607876850805816 0.42343101178093123 0.42343101178093123 0.0 True
"""TOI-1716.01""" 14.648135196730925 0.00635473306257558 0.00635473306257558 0.0 True 22.23178535881878 0.6736593719231088 0.6736593719231088 0.0 True
"""TOI-1723 b""" 15.319897974201616 0.01407606500613494 0.01407606500613494 0.0 True 21.607105750431888 "" "" -1.0 True
"""TOI-1728 b""" 21.408431710585173 0.574314968799574 0.574314968799574 0.0 True 21.65663139167899 "" "" -1.0 True
"""TOI-1736 b""" 14.807035111177141 0.00686931492161582 0.00686931492161582 0.0 True 21.151161723271635 "" "" -1.0 True
"""TOI-1739 b""" 18.156111442199013 0.03798454696649006 0.03798454696649006 0.0 True 21.554345640157276 "" "" -1.0 True
"""TOI-1742 b""" 14.68239027848493 0.0022866422039304335 0.0022866422039304335 0.0 True 21.337650154450696 0.15632996872914318 0.15632996872914318 0.0 True
"""TOI-1743 b""" 23.248298953965254 "" "" -1.0 True 22.945238972316858 "" "" -1.0 True
"""TOI-1744.01""" 14.02143124461763 0.006413973411036029 0.006413973411036029 0.0 True 20.466533150841112 0.268780512851743 0.268780512851743 0.0 True
"""TOI-1749 b""" 21.63573314018634 "" "" -1.0 True 21.293911076736205 "" "" -1.0 True
"""TOI-1749 c""" 21.63573314018634 "" "" -1.0 True 21.293911076736205 "" "" -1.0 True
"""TOI-1749 d""" 21.63573314018634 "" "" -1.0 True 21.293911076736205 "" "" -1.0 True
"""TOI-1751 b""" 13.673016443006183 0.005465030725125185 0.005465030725125185 0.0 True 20.404088998111682 0.2571834567452781 0.2571834567452781 0.0 True
"""TOI-1758 b""" 17.672688487395373 0.02277848359053351 0.02277848359053351 0.0 True 21.044875236303692 "" "" -1.0 True
"""TOI-1759 b""" 20.3122134576562 0.37521219437362086 0.37521219437362086 0.0 True "" "" "" "" False
"""TOI-1768.01""" 15.630759779819906 0.003636114151223451 0.003636114151223451 0.0 True 22.070786067450072 "" "" -1.0 True
"""TOI-1772.01""" 15.687953376205469 0.012368571520817308 0.012368571520817308 0.0 True 22.21196093699874 0.8510730938525114 0.8510730938525114 0.0 True
"""TOI-1775 b""" 18.15278900375607 0.0530184705018602 0.0530184705018602 0.0 True 22.047253599105236 "" "" -1.0 True
"""TOI-1777.01""" 14.529176105577466 0.002194638054132518 0.002194638054132518 0.0 True 21.538435473741647 0.3250176509257574 0.3250176509257574 0.0 True
"""TOI-178 b""" 20.279444192224886 0.11112218440293989 0.11112218440293989 0.0 True 21.984289439184785 "" "" -1.0 True
"""TOI-178 c""" 20.279444192224886 0.11112218440293989 0.11112218440293989 0.0 True 21.984289439184785 "" "" -1.0 True
"""TOI-178 d""" 20.279444192224886 0.11112218440293989 0.11112218440293989 0.0 True 21.984289439184785 "" "" -1.0 True
"""TOI-178 e""" 20.279444192224886 0.11112218440293989 0.11112218440293989 0.0 True 21.984289439184785 "" "" -1.0 True
"""TOI-178 f""" 20.279444192224886 0.11112218440293989 0.11112218440293989 0.0 True 21.984289439184785 "" "" -1.0 True
"""TOI-178 g""" 20.279444192224886 0.11112218440293989 0.11112218440293989 0.0 True 21.984289439184785 "" "" -1.0 True
"""TOI-1782.01""" 20.547885996453413 0.21940539001249085 0.21940539001249085 0.0 True 21.995766350001787 "" "" -1.0 True
"""TOI-1782.02""" 20.547885996453413 0.21940539001249085 0.21940539001249085 0.0 True 21.995766350001787 "" "" -1.0 True
"""TOI-1794 b""" "" "" "" "" False "" "" "" "" False
"""TOI-1798.01""" 18.2299770487151 0.017082139633608898 0.017082139633608898 0.0 True 21.99605125751912 "" "" -1.0 True
"""TOI-1798.02""" 18.2299770487151 0.017082139633608898 0.017082139633608898 0.0 True 21.99605125751912 "" "" -1.0 True
"""TOI-1801 b""" 20.611795952775584 0.2935347832604653 0.2935347832604653 0.0 True 21.9471112997699 "" "" -1.0 True
"""TOI-1803 b""" 19.586795308605847 0.09214193892019545 0.09214193892019545 0.0 True 22.011002653540537 "" "" -1.0 True
"""TOI-1803 c""" 19.586795308605847 0.09214193892019545 0.09214193892019545 0.0 True 22.011002653540537 "" "" -1.0 True
"""TOI-1806.01""" 21.797724992631753 "" "" -1.0 True 21.99957493326717 "" "" -1.0 True
"""TOI-1807 b""" 17.545349849063307 0.025574554762935606 0.025574554762935606 0.0 True 22.634549335768163 1.1474931166928606 1.1474931166928606 0.0 True
"""TOI-181 b""" 19.202633439394006 0.057350549824807105 0.057350549824807105 0.0 True 22.055477198084752 "" "" -1.0 True
"""TOI-1811 b""" 19.879378777201456 0.11212513510320289 0.11212513510320289 0.0 True 21.93689098412188 "" "" -1.0 True
"""TOI-1823 b""" 18.56626493626113 0.07033212670472978 0.07033212670472978 0.0 True 21.930236759907913 "" "" -1.0 True
"""TOI-1824 b""" "" "" "" "" False "" "" "" "" False
"""TOI-1836 b""" "" "" "" "" False "" "" "" "" False
"""TOI-1836 c""" "" "" "" "" False "" "" "" "" False
"""TOI-1846 b""" 21.80337660269109 "" "" -1.0 True 21.592659270421358 "" "" -1.0 True
"""TOI-1853 b""" 19.43533157875909 0.02814072717514002 0.02814072717514002 0.0 True 21.95215323808475 "" "" -1.0 True
"""TOI-1883 b""" "" "" "" "" False "" "" "" "" False
"""TOI-1898 b""" 13.833593987285454 0.004171643377132582 0.004171643377132582 0.0 True 17.957965042460362 0.05553194908171472 0.05553194908171472 0.0 True
"""TOI-1899 b""" "" "" "" "" False "" "" "" "" False
"""TOI-198 b""" 21.67310743392251 0.6901836606733608 0.6901836606733608 0.0 True 21.899968882142087 "" "" -1.0 True
"""TOI-2000 b""" "" "" "" "" False "" "" "" "" False
"""TOI-2000 c""" "" "" "" "" False "" "" "" "" False
"""TOI-201 b""" 14.446387629447884 0.005124378185518445 0.005124378185518445 0.0 True 20.09750718643114 0.19039316586110624 0.19039316586110624 0.0 True
"""TOI-2015 b""" "" "" "" "" False "" "" "" "" False
"""TOI-2018 b""" 18.716892501726573 0.01165259090290657 0.01165259090290657 0.0 True 22.893721902073047 0.5811146762735353 0.5811146762735353 0.0 True
"""TOI-2019 b""" 16.480864862574506 0.014862361242257727 0.014862361242257727 0.0 True 21.834161098663323 "" "" -1.0 True
"""TOI-2048 b""" 18.424471670603502 0.05071099865063407 0.05071099865063407 0.0 True 21.650984803260975 "" "" -1.0 True
"""TOI-2068 b""" 21.696088794795788 0.14204363826014357 0.14204363826014357 0.0 True 21.981702701687016 "" "" -1.0 True
"""TOI-2076 b""" 15.633430028178267 0.015780471568196213 0.015780471568196213 0.0 True 21.304178319445253 0.6168109753459082 0.6168109753459082 0.0 True
"""TOI-2076 c""" 15.633430028178267 0.015780471568196213 0.015780471568196213 0.0 True 21.304178319445253 0.6168109753459082 0.6168109753459082 0.0 True
"""TOI-2076 d""" 15.633430028178267 0.015780471568196213 0.015780471568196213 0.0 True 21.304178319445253 0.6168109753459082 0.6168109753459082 0.0 True
"""TOI-2076 e""" 15.633430028178267 0.015780471568196213 0.015780471568196213 0.0 True 21.304178319445253 0.6168109753459082 0.6168109753459082 0.0 True
"""TOI-2081 b""" "" "" "" "" False 21.31375552549717 "" "" -1.0 True
"""TOI-2084 b""" 21.82365565202747 "" "" -1.0 True 21.52594293751625 "" "" -1.0 True
"""TOI-2093 c""" 20.444253192478488 0.2187170731950256 0.2187170731950256 0.0 True 21.157123461756107 "" "" -1.0 True
"""TOI-2095 b""" "" "" "" "" False "" "" "" "" False
"""TOI-2095 c""" "" "" "" "" False "" "" "" "" False
"""TOI-2096 b""" 21.772141392213538 "" "" -1.0 True 21.623834955441616 "" "" -1.0 True
"""TOI-2096 c""" 21.772141392213538 "" "" -1.0 True 21.623834955441616 "" "" -1.0 True
"""TOI-2120 b""" 21.2377217584935 "" "" -1.0 True "" "" "" "" False
"""TOI-2128 b""" 13.766727407346348 0.0015070899911029504 0.0015070899911029504 0.0 True 18.563080204718872 0.0792118608101645 0.0792118608101645 0.0 True
"""TOI-2134 b""" 17.78974132153487 0.028004039484098152 0.028004039484098152 0.0 True 21.264350954098614 "" "" -1.0 True
"""TOI-2134 c""" 17.78974132153487 0.028004039484098152 0.028004039484098152 0.0 True 21.264350954098614 "" "" -1.0 True
"""TOI-2136 b""" "" "" "" "" False "" "" "" "" False
"""TOI-2141 b""" "" "" "" "" False "" "" "" "" False
"""TOI-2158 b""" 17.366914716840753 0.006482190108042189 0.006482190108042189 0.0 True 21.40815541648311 "" "" -1.0 True
"""TOI-216.01""" 19.929702752842026 0.18671685159774093 0.18671685159774093 0.0 True 21.428715988405376 "" "" -1.0 True
"""TOI-216.02""" 19.929702752842026 0.18671685159774093 0.18671685159774093 0.0 True 21.428715988405376 "" "" -1.0 True
"""TOI-2194 b""" 16.40327697622737 0.010874781827826403 0.010874781827826403 0.0 True 21.143817086210852 "" "" -1.0 True
"""TOI-220 b""" 16.715703234760273 0.007884724833377746 0.007884724833377746 0.0 True 21.316524519237557 "" "" -1.0 True
"""TOI-2257 b""" 21.94110333888007 "" "" -1.0 True 21.73248982795493 "" "" -1.0 True
"""TOI-2266 b""" 22.194000255287847 0.6678542190737047 0.6678542190737047 0.0 True 21.666714235726005 "" "" -1.0 True
"""TOI-2274 b""" 20.551224855239038 0.36171617080703283 0.36171617080703283 0.0 True 21.194013533406636 "" "" -1.0 True
"""TOI-2285 b""" 22.76286966325075 3.1791744537110076 3.1791744537110076 0.0 True "" "" "" "" False
"""TOI-2295 b""" 15.675196682226852 0.0035587548190632655 0.0035587548190632655 0.0 True 21.292662787980017 "" "" -1.0 True
"""TOI-2322 b""" "" "" "" "" False "" "" "" "" False
"""TOI-2322 c""" "" "" "" "" False "" "" "" "" False
"""TOI-2345 b""" 19.8195976875689 0.10670341922326979 0.10670341922326979 0.0 True 21.930114788555592 "" "" -1.0 True
"""TOI-2345 c""" 19.8195976875689 0.10670341922326979 0.10670341922326979 0.0 True 21.930114788555592 "" "" -1.0 True
"""TOI-237 b""" 21.895697634039077 "" "" -1.0 True 21.97195977907318 "" "" -1.0 True
"""TOI-2374 b""" 21.590961485997436 "" "" -1.0 True 21.577822622573915 "" "" -1.0 True
"""TOI-238 b""" 17.786207415871417 0.027616108576120617 0.027616108576120617 0.0 True 21.88131763218476 "" "" -1.0 True
"""TOI-238 c""" 17.786207415871417 0.027616108576120617 0.027616108576120617 0.0 True 21.88131763218476 "" "" -1.0 True
"""TOI-2384 b""" "" "" "" "" False "" "" "" "" False
"""TOI-2406 b""" "" "" "" "" False 23.23441141201501 "" "" -1.0 True
"""TOI-2407 b""" 21.8047362444004 0.4171151270529686 0.4171151270529686 0.0 True 21.86136883070722 "" "" -1.0 True
"""TOI-2427 b""" 19.030430800690215 0.059115285170632643 0.059115285170632643 0.0 True 21.950254182725974 "" "" -1.0 True
"""TOI-244 b""" 22.58285271620393 1.450647708686228 1.450647708686228 0.0 True 22.000850684061465 "" "" -1.0 True
"""TOI-2443 b""" 18.44000709760754 0.06930772239841129 0.06930772239841129 0.0 True "" "" "" "" False
"""TOI-2447 b""" 16.03486591574333 0.012684314978377844 0.012684314978377844 0.0 True 21.57620480067853 0.4191363088142842 0.4191363088142842 0.0 True
"""TOI-2458 b""" "" "" "" "" False "" "" "" "" False
"""TOI-2459 b""" 19.003460872192427 0.09516248613241754 0.09516248613241754 0.0 True 22.534683994466466 1.7331985476472815 1.7331985476472815 0.0 True
"""TOI-251 b""" "" "" "" "" False "" "" "" "" False
"""TOI-2545 b""" 14.511915435199414 0.0016000122836392402 0.0016000122836392402 0.0 True 21.20943625962412 0.09211273481677848 0.09211273481677848 0.0 True
"""TOI-257 b""" 13.577704083805749 0.0030576885065020038 0.0030576885065020038 0.0 True 19.156755634222545 0.06989373630668679 0.06989373630668679 0.0 True
"""TOI-260 b""" 18.8685007468803 0.015975146166021494 0.015975146166021494 0.0 True 23.713528717558845 0.7297816157792383 0.7297816157792383 0.0 True
"""TOI-261.01""" 14.272192136046105 0.0059156072122457356 0.0059156072122457356 0.0 True 21.013838342027306 0.3162283224058788 0.3162283224058788 0.0 True
"""TOI-262 b""" 16.019280953373542 0.011454018479295282 0.011454018479295282 0.0 True 21.9137741874256 "" "" -1.0 True
"""TOI-269 b""" 21.669170318419766 "" "" -1.0 True 21.460410115170966 "" "" -1.0 True
"""TOI-270 b""" 21.460663355175573 0.46734462372677515 0.46734462372677515 0.0 True 21.85199608310882 "" "" -1.0 True
