target_selection_data/intermediates/galex_magntiudes.ecsv
# %ECSV 1.0
# ---
# datatype:
# - name: id
#   datatype: string
#   description: Planet Name
#   meta: !!omap
#   - {_votable_string_dtype: char}
#   subtype: json
# - {name: sy_nuvmag, datatype: float64}
# - {name: sy_nuvmagerr1, datatype: float64}
# - {name: sy_nuvmagerr2, datatype: float64}
# - {name: sy_nuvmaglim, datatype: float64}
# - {name: sy_nuvmagobs, datatype: bool}
# - {name: sy_fuvmag, datatype: float64}
# - {name: sy_fuvmagerr1, datatype: float64}
# - {name: sy_fuvmagerr2, datatype: float64}
# - {name: sy_fuvmaglim, datatype: float64}
# - {name: sy_fuvmagobs, datatype: bool}
# schema: astropy-2.0
id sy_nuvmag sy_nuvmagerr1 sy_nuvmagerr2 sy_nuvmaglim sy_nuvmagobs sy_fuvmag sy_fuvmagerr1 sy_fuvmagerr2 sy_fuvmaglim sy_fuvmagobs
[from data line 1543]
"""TOI-270 d""" 21.460663355175573 0.46734462372677515 0.46734462372677515 0.0 True 21.85199608310882 "" "" -1.0 True
"""TOI-2768 b""" "" "" "" "" False "" "" "" "" False
"""TOI-277 b""" 22.300142342845902 0.6478248568409634 0.6478248568409634 0.0 True 22.148745149445077 "" "" -1.0 True
"""TOI-283 b""" 17.04958494409304 0.029862533432556314 0.029862533432556314 0.0 True 20.89061541654332 "" "" -1.0 True
"""TOI-286 b""" 16.759465995247286 0.019806675420262865 0.019806675420262865 0.0 True 21.434507951137046 "" "" -1.0 True
"""TOI-286 c""" 16.759465995247286 0.019806675420262865 0.019806675420262865 0.0 True 21.434507951137046 "" "" -1.0 True
"""TOI-2969 b""" "" "" "" "" False "" "" "" "" False
"""TOI-2989 b""" 22.74958436292415 0.42967459027580646 0.42967459027580646 0.0 True 21.58171481984502 "" "" -1.0 True
"""TOI-3082 b""" 22.05116716010693 0.6710490819792133 0.6710490819792133 0.0 True 21.316132014294283 "" "" -1.0 True
"""TOI-3235 b""" "" "" "" "" False "" "" "" "" False
"""TOI-3353.01""" "" "" "" "" False "" "" "" "" False
"""TOI-3486 b""" "" "" "" "" False "" "" "" "" False
"""TOI-3493 b""" "" "" "" "" False "" "" "" "" False
"""TOI-3568 b""" 20.329201547617725 0.3067794698510307 0.3067794698510307 0.0 True 20.872724803885824 "" "" -1.0 True
"""TOI-3629 b""" 21.44457323498083 "" "" -1.0 True "" "" "" "" False
"""TOI-3693 b""" 18.95514502370995 0.08110529604334543 0.08110529604334543 0.0 True "" "" "" "" False
"""TOI-3714 b""" 20.976160194656757 0.13193293792714553 0.13193293792714553 0.0 True 21.026965994297342 "" "" -1.0 True
"""TOI-3757 b""" 21.78245254152521 0.9966718375373412 0.9966718375373412 0.0 True 21.504009569916484 "" "" -1.0 True
"""TOI-3785 b""" 24.501861625767223 1.8888476178585931 1.8888476178585931 0.0 True 22.119884984612796 "" "" -1.0 True
"""TOI-3884 b""" 22.794711951186063 0.4738075440158796 0.4738075440158796 0.0 True 22.03358365052869 "" "" -1.0 True
"""TOI-3984 A b""" 22.429985537065697 0.7182038908760011 0.7182038908760011 0.0 True 22.00086360616286 "" "" -1.0 True
"""TOI-4010 b""" 20.11250645199539 0.1945484304710284 0.1945484304710284 0.0 True "" "" "" "" False
"""TOI-4010 c""" 20.11250645199539 0.1945484304710284 0.1945484304710284 0.0 True "" "" "" "" False
"""TOI-4010 d""" 20.11250645199539 0.1945484304710284 0.1945484304710284 0.0 True "" "" "" "" False
"""TOI-406 c""" 21.2780334182205 0.3309858705461556 0.3309858705461556 0.0 True 21.627158869236844 0.6401424014335568 0.6401424014335568 0.0 True
"""TOI-406.01""" 21.2780334182205 0.3309858705461556 0.3309858705461556 0.0 True 21.627158869236844 0.6401424014335568 0.6401424014335568 0.0 True
"""TOI-411 b""" 13.072781722673335 0.004789266727548229 0.004789266727548229 0.0 True 19.42423075736046 0.16567619401388792 0.16567619401388792 0.0 True
"""TOI-411 c""" 13.072781722673335 0.004789266727548229 0.004789266727548229 0.0 True 19.42423075736046 0.16567619401388792 0.16567619401388792 0.0 True
"""TOI-4184 b""" 21.61596017453144 "" "" -1.0 True 21.23759243180335 "" "" -1.0 True
"""TOI-4201 b""" 21.240565553117985 "" "" -1.0 True 20.737828155789323 "" "" -1.0 True
"""TOI-421 b""" "" "" "" "" False "" "" "" "" False
"""TOI-421 c""" "" "" "" "" False "" "" "" "" False
"""TOI-4308 b""" 17.682350289118524 0.030525622471595865 0.030525622471595865 0.0 True 21.9770257381905 "" "" -1.0 True
"""TOI-431 b""" 16.938682833917383 0.006663237142242728 0.006663237142242728 0.0 True 21.22195537065935 "" "" -1.0 True
"""TOI-431 d""" 16.938682833917383 0.006663237142242728 0.006663237142242728 0.0 True 21.22195537065935 "" "" -1.0 True
"""TOI-4336 A b""" "" "" "" "" False 20.911418963000358 "" "" -1.0 True
"""TOI-4342 b""" 21.148384156116883 0.10960413773119504 0.10960413773119504 0.0 True 21.35506019239494 "" "" -1.0 True
"""TOI-4342 c""" 21.148384156116883 0.10960413773119504 0.10960413773119504 0.0 True 21.35506019239494 "" "" -1.0 True
"""TOI-4364 b""" "" "" "" "" False "" "" "" "" False
"""TOI-4438 b""" "" "" "" "" False 21.278223984003684 "" "" -1.0 True
"""TOI-444 b""" 16.628565232268095 0.017081007000434332 0.017081007000434332 0.0 True 21.029565257656785 0.3761321730358017 0.3761321730358017 0.0 True
"""TOI-4443.01""" "" "" "" "" False "" "" "" "" False
"""TOI-4463 A b""" "" "" "" "" False "" "" "" "" False
"""TOI-4479 b""" 21.69397895898828 "" "" -1.0 True 21.317809860086186 "" "" -1.0 True
"""TOI-4495.01""" "" "" "" "" False "" "" "" "" False
"""TOI-451 b""" 16.727532571867513 0.005398554766681338 0.005398554766681338 0.0 True 21.652354741169205 0.6490177316241256 0.6490177316241256 0.0 True
"""TOI-451 c""" 16.727532571867513 0.005398554766681338 0.005398554766681338 0.0 True 21.652354741169205 0.6490177316241256 0.6490177316241256 0.0 True
"""TOI-451 d""" 16.727532571867513 0.005398554766681338 0.005398554766681338 0.0 True 21.652354741169205 0.6490177316241256 0.6490177316241256 0.0 True
"""TOI-4515 b""" 18.182536637761615 0.044772136469965224 0.044772136469965224 0.0 True 21.69216406816934 "" "" -1.0 True
"""TOI-4602.01""" "" "" "" "" False "" "" "" "" False
"""TOI-4638.01""" 17.987025877129575 0.043940931478996414 0.043940931478996414 0.0 True 21.436709502829146 "" "" -1.0 True
"""TOI-470 b""" "" "" "" "" False "" "" "" "" False
"""TOI-480 b""" 13.945082110025991 0.007468367757440241 0.007468367757440241 0.0 True 18.524124977651542 0.0835626478342139 0.0835626478342139 0.0 True
"""TOI-481 b""" 16.01891181014331 0.01677398744345472 0.01677398744345472 0.0 True 20.77808494167259 "" "" -1.0 True
"""TOI-4860 b""" 21.833076525548705 "" "" -1.0 True 21.679081545980257 "" "" -1.0 True
"""TOI-500 b""" 19.21419679616307 0.16047726146547514 0.16047726146547514 0.0 True "" "" "" "" False
"""TOI-5076 b""" 18.650828256921198 0.010138176085176002 0.010138176085176002 0.0 True 22.161021392491126 0.5028744315784024 0.5028744315784024 0.0 True
"""TOI-5082.01""" "" "" "" "" False "" "" "" "" False
"""TOI-5108 b""" 15.337841675619286 0.0024337617574975217 0.0024337617574975217 0.0 True 21.95261664356943 0.24895375317097315 0.24895375317097315 0.0 True
"""TOI-512 b""" 16.167158432964584 0.015106907772030375 0.015106907772030375 0.0 True 21.043786072899238 "" "" -1.0 True
"""TOI-5126 b""" 15.494330735314163 0.009813349569123726 0.009813349569123726 0.0 True 20.464776881010085 0.24285791636276546 0.24285791636276546 0.0 True
"""TOI-5126 c""" 15.494330735314163 0.009813349569123726 0.009813349569123726 0.0 True 20.464776881010085 0.24285791636276546 0.24285791636276546 0.0 True
"""TOI-5143 c""" 18.593211319938007 0.010364364630139436 0.010364364630139436 0.0 True 23.32855979078684 "" "" -1.0 True
"""TOI-5174 b""" 17.537283030904344 0.039668096170751434 0.039668096170751434 0.0 True "" "" "" "" False
"""TOI-519 b""" "" "" "" "" False "" "" "" "" False
"""TOI-5205 b""" 21.706334934116665 "" "" -1.0 True 21.28851918045363 "" "" -1.0 True
"""TOI-521 b""" 22.435811922891705 1.4560053505782915 1.4560053505782915 0.0 True 21.79116358245478 "" "" -1.0 True
"""TOI-5293 A b""" 23.13880457615603 0.6342061626519547 0.6342061626519547 0.0 True 23.416901631579485 "" "" -1.0 True
"""TOI-530 b""" "" "" "" "" False "" "" "" "" False
"""TOI-5300 b""" 22.641775172872148 0.29864455480978785 0.29864455480978785 0.0 True 23.433749015585146 "" "" -1.0 True
"""TOI-5319 b""" 23.36787440586813 2.677688940768326 2.677688940768326 0.0 True 21.515396268504503 "" "" -1.0 True
"""TOI-532 b""" "" "" "" "" False "" "" "" "" False
"""TOI-5344 b""" 22.8352846490436 "" "" -1.0 True 21.63308503881305 "" "" -1.0 True
"""TOI-5388.01""" "" "" "" "" False "" "" "" "" False
"""TOI-5398 b""" 15.109645147398117 0.01329499227315768 0.01329499227315768 0.0 True 21.286518505678014 0.47363675680419715 0.47363675680419715 0.0 True
"""TOI-5398 c""" 15.109645147398117 0.01329499227315768 0.01329499227315768 0.0 True 21.286518505678014 0.47363675680419715 0.47363675680419715 0.0 True
"""TOI-544 b""" "" "" "" "" False "" "" "" "" False
"""TOI-5573 b""" 23.239322497753037 0.5579178928560977 0.5579178928560977 0.0 True 23.425788016137822 "" "" -1.0 True
"""TOI-561 b""" 16.132043091673992 0.011462489203753824 0.011462489203753824 0.0 True 21.84880893509354 "" "" -1.0 True
"""TOI-561 c""" 16.132043091673992 0.011462489203753824 0.011462489203753824 0.0 True 21.84880893509354 "" "" -1.0 True
"""TOI-561 d""" 16.132043091673992 0.011462489203753824 0.011462489203753824 0.0 True 21.84880893509354 "" "" -1.0 True
"""TOI-561 e""" 16.132043091673992 0.011462489203753824 0.011462489203753824 0.0 True 21.84880893509354 "" "" -1.0 True
"""TOI-564 b""" 17.25447847672191 0.03448843997607388 0.03448843997607388 0.0 True 21.37537543914223 "" "" -1.0 True
"""TOI-5678 b""" 17.397470114522985 0.007535610630923363 0.007535610630923363 0.0 True 23.373192883581687 "" "" -1.0 True
"""TOI-5704 b""" 19.77667254187238 0.15013185915383465 0.15013185915383465 0.0 True 22.03411692052833 "" "" -1.0 True
"""TOI-5713 b""" "" "" "" "" False "" "" "" "" False
"""TOI-5726.01""" 15.260011139303803 0.007876742780159783 0.007876742780159783 0.0 True 21.327575284659527 0.3826042494859631 0.3826042494859631 0.0 True
"""TOI-5786 b""" "" "" "" "" False "" "" "" "" False
"""TOI-5795 b""" 16.097866019029656 0.004998493739381792 0.004998493739381792 0.0 True 21.61873258168887 "" "" -1.0 True
"""TOI-5799 b""" "" "" "" "" False "" "" "" "" False
"""TOI-5799 c""" "" "" "" "" False "" "" "" "" False
"""TOI-5800 b""" 17.327268237972913 0.009196180497166384 0.009196180497166384 0.0 True 21.649634950707917 "" "" -1.0 True
"""TOI-5803 b""" 17.448547916924305 0.020742089482277428 0.020742089482277428 0.0 True 21.625596581410196 "" "" -1.0 True
"""TOI-5817 b""" 14.715691343456694 0.0023927598269846344 0.0023927598269846344 0.0 True 21.480704273456254 0.40237189790737493 0.40237189790737493 0.0 True
"""TOI-6002 b""" "" "" "" "" False "" "" "" "" False
"""TOI-6034 b""" 22.502588863180996 "" "" -1.0 True "" "" "" "" False
"""TOI-6038 A b""" "" "" "" "" False "" "" "" "" False
"""TOI-6041 b""" 16.364787698580802 0.005120879144634367 0.005120879144634367 0.0 True 20.997919621381513 "" "" -1.0 True
"""TOI-6054.01""" "" "" "" "" False "" "" "" "" False
"""TOI-6054.02""" "" "" "" "" False "" "" "" "" False
"""TOI-6109 b""" "" "" "" "" False "" "" "" "" False
"""TOI-6109 c""" "" "" "" "" False "" "" "" "" False
"""TOI-620 b""" 21.01963252820823 0.24537605952943672 0.24537605952943672 0.0 True 21.673843286438885 "" "" -1.0 True
"""TOI-622 b""" 14.584861775743565 0.01052932973752843 0.01052932973752843 0.0 True "" "" "" "" False
"""TOI-6223 b""" "" "" "" "" False "" "" "" "" False
"""TOI-628 b""" 15.596652332320554 0.009616041384752246 0.009616041384752246 0.0 True "" "" "" "" False
"""TOI-6303 b""" "" "" "" "" False "" "" "" "" False
"""TOI-6330 b""" 21.17704502364328 "" "" -1.0 True "" "" "" "" False
"""TOI-6383 A b""" "" "" "" "" False "" "" "" "" False
"""TOI-6478 b""" 21.77050852630567 "" "" -1.0 True 21.5966233309739 "" "" -1.0 True
"""TOI-654.01""" 21.314048301987732 0.4657941117278384 0.4657941117278384 0.0 True 21.89666676690507 "" "" -1.0 True
"""TOI-663 b""" 21.763178304681112 "" "" -1.0 True 21.644002530396254 "" "" -1.0 True
"""TOI-663 c""" 21.763178304681112 "" "" -1.0 True 21.644002530396254 "" "" -1.0 True
"""TOI-663 d""" 21.763178304681112 "" "" -1.0 True 21.644002530396254 "" "" -1.0 True
"""TOI-669 b""" 16.54422789054677 0.01711126267927244 0.01711126267927244 0.0 True 21.604834626176153 "" "" -1.0 True
"""TOI-672 b""" 21.448254954732416 "" "" -1.0 True 21.011026706120305 "" "" -1.0 True
"""TOI-674 b""" 21.534010100664137 "" "" -1.0 True 21.2181630722954 "" "" -1.0 True
"""TOI-677 b""" "" "" "" "" False "" "" "" "" False
"""TOI-6894 b""" 21.85774719524629 "" "" -1.0 True 21.950936548150267 "" "" -1.0 True
"""TOI-700 b""" 21.510583496933844 "" "" -1.0 True 21.196405297171054 "" "" -1.0 True
"""TOI-700 c""" 21.510583496933844 "" "" -1.0 True 21.196405297171054 "" "" -1.0 True
"""TOI-700 d""" 21.510583496933844 "" "" -1.0 True 21.196405297171054 "" "" -1.0 True
"""TOI-700 e""" 21.510583496933844 "" "" -1.0 True 21.196405297171054 "" "" -1.0 True
"""TOI-712 b""" 18.973887647350935 0.03720905275549835 0.03720905275549835 0.0 True "" "" "" "" False
"""TOI-712 c""" 18.973887647350935 0.03720905275549835 0.03720905275549835 0.0 True "" "" "" "" False
"""TOI-712 d""" 18.973887647350935 0.03720905275549835 0.03720905275549835 0.0 True "" "" "" "" False
"""TOI-7149 b""" "" "" "" "" False "" "" "" "" False
"""TOI-715 b""" "" "" "" "" False "" "" "" "" False
"""TOI-733 b""" "" "" "" "" False "" "" "" "" False
"""TOI-756 b""" 22.598355144039516 "" "" -1.0 True 20.880411880369635 "" "" -1.0 True
"""TOI-757 b""" 16.0417152387124 0.012514822208294587 0.012514822208294587 0.0 True 21.1521397087299 "" "" -1.0 True
"""TOI-762 A b""" "" "" "" "" False "" "" "" "" False
"""TOI-763 b""" 16.084951084692854 0.014857298217065681 0.014857298217065681 0.0 True "" "" "" "" False
"""TOI-763 c""" 16.084951084692854 0.014857298217065681 0.014857298217065681 0.0 True "" "" "" "" False
"""TOI-771 b""" 21.140490281502018 "" "" -1.0 True 20.518587371197267 "" "" -1.0 True
"""TOI-776 b""" 20.68781839600966 0.2761335530930696 0.2761335530930696 0.0 True 21.154228865491937 "" "" -1.0 True
"""TOI-776 c""" 20.68781839600966 0.2761335530930696 0.2761335530930696 0.0 True 21.154228865491937 "" "" -1.0 True
"""TOI-782 b""" "" "" "" "" False "" "" "" "" False
"""TOI-784 b""" "" "" "" "" False "" "" "" "" False
"""TOI-815 b""" 17.407870043415123 0.005843396813405999 0.005843396813405999 0.0 True 22.24752733042044 0.722305864697615 0.722305864697615 0.0 True
"""TOI-815 c""" 17.407870043415123 0.005843396813405999 0.005843396813405999 0.0 True 22.24752733042044 0.722305864697615 0.722305864697615 0.0 True
"""TOI-824 b""" 20.026902675277448 0.2737526085345693 0.2737526085345693 0.0 True "" "" "" "" False
"""TOI-836 b""" 18.38230533600336 0.05033826931849791 0.05033826931849791 0.0 True 20.627568633623042 0.5417226485715034 0.5417226485715034 0.0 True
"""TOI-836 c""" 18.38230533600336 0.05033826931849791 0.05033826931849791 0.0 True 20.627568633623042 0.5417226485715034 0.5417226485715034 0.0 True
"""TOI-837 b""" "" "" "" "" False "" "" "" "" False
"""TOI-871 b""" 17.89767958948997 0.030549513563008487 0.030549513563008487 0.0 True 21.764415163112155 "" "" -1.0 True
"""TOI-880 c""" "" "" "" "" False "" "" "" "" False
"""TOI-880.02""" "" "" "" "" False "" "" "" "" False
"""TOI-904 b""" 21.758630863044214 0.4630624738549415 0.4630624738549415 0.0 True 21.134880490643894 "" "" -1.0 True
"""TOI-904 c""" 21.758630863044214 0.4630624738549415 0.4630624738549415 0.0 True 21.134880490643894 "" "" -1.0 True
"""TOI-905 b""" "" "" "" "" False "" "" "" "" False
"""TOI-908 b""" 17.036020383982585 0.03207569903087455 0.03207569903087455 0.0 True 21.3877684022059 "" "" -1.0 True
"""TOI-912 b""" "" "" "" "" False "" "" "" "" False
"""TOI-913 b""" 17.68290008679572 0.03432002105569941 0.03432002105569941 0.0 True "" "" "" "" False
"""TOI-942 b""" 18.47669795393719 0.05691351866885188 0.05691351866885188 0.0 True 21.920306717674315 0.9237718954762292 0.9237718954762292 0.0 True
"""TOI-942 c""" 18.47669795393719 0.05691351866885188 0.05691351866885188 0.0 True 21.920306717674315 0.9237718954762292 0.9237718954762292 0.0 True
"""TOI-969 b""" 19.98702281395604 0.1665440069947646 0.1665440069947646 0.0 True 21.370037304620944 "" "" -1.0 True
"""TRAPPIST-1 b""" 21.560293317501674 "" "" -1.0 True 21.5664036181683 "" "" -1.0 True
"""TRAPPIST-1 c""" 21.560293317501674 "" "" -1.0 True 21.5664036181683 "" "" -1.0 True
"""TRAPPIST-1 d""" 21.560293317501674 "" "" -1.0 True 21.5664036181683 "" "" -1.0 True
"""TRAPPIST-1 e""" 21.560293317501674 "" "" -1.0 True 21.5664036181683 "" "" -1.0 True
"""TRAPPIST-1 f""" 21.560293317501674 "" "" -1.0 True 21.5664036181683 "" "" -1.0 True
"""TRAPPIST-1 g""" 21.560293317501674 "" "" -1.0 True 21.5664036181683 "" "" -1.0 True
"""TRAPPIST-1 h""" 21.560293317501674 "" "" -1.0 True 21.5664036181683 "" "" -1.0 True
